8100 0
9780 0
10450 8
10790 8
11470 0
13110 0
14810 8
16180 8
16760 8
18200 0
19670 8
20210 8
21230 0
22160 8
22930 8
23920 8
24270 8
25260 0
25980 8
26950 8
28300 8
28680 8
29670 0
30340 8
31350 8
31970 8
35000 0
35740 8
36390 8
37120 8
37760 8
38750 8
39110 8
40130 0
40790 8
41440 8
41980 8
42570 8
43480 8
44170 8
45490 8
45830 8
47170 0
48110 8
48880 8
49540 8
50800 8
52690 8
53510 8
54120 8
54450 8
54920 0
55830 8
56530 8
57630 8
58400 8
59210 8
59820 8
60650 8
61950 8
62800 8
63720 8
64560 8
65130 8
66590 8
67540 8
68600 8
70190 8
71290 8
71960 8
72320 8
72910 0
74830 8
75850 8
76670 8
77780 8
78210 8
78750 8
79230 0
79720 8
80230 8
81730 0
82760 8
83250 8
83770 8
84260 0
84730 8
85240 8
85780 0
86300 8
86870 8
87570 0
88980 8
89990 8
90410 8
91450 0
92010 8
92690 8
93920 8
94380 8
95390 8
95980 8
97070 8
97750 8
98480 8
99440 8
101130 8
101790 8
102420 8
103180 8
103900 8
106190 8
106860 8
107820 8
108870 8
109220 8
111820 0
113260 8
113940 8
115940 8
116620 8
117970 8
