8090 0
8430 8
8770 8
9100 0
9440 0
9780 8
10450 0
10790 8
11130 0
11470 0
12140 0
13110 0
14790 8
15170 8
15540 0
16180 0
16760 8
17860 0
18200 8
18520 8
18880 0
19670 0
20210 8
20560 8
20910 0
21230 0
21570 8
22160 0
22930 8
23920 8
24270 8
24850 0
25270 8
25980 0
26630 8
27880 8
28300 8
28880 0
29230 8
29660 0
30000 8
30340 0
31020 0
31350 8
31970 8
33810 0
35000 8
35750 8
36390 8
37140 8
37760 8
38750 8
39100 8
40140 0
40790 8
41150 8
41920 0
42590 8
43480 8
43800 8
44180 0
44510 0
45490 8
45790 8
46840 0
47170 8
48110 8
48880 8
49870 8
50810 8
51190 8
51560 0
51920 0
52270 8
52690 8
53540 0
54130 8
54450 8
54920 0
55830 0
56520 8
57250 8
57630 8
58400 0
59210 8
59810 8
60640 8
61950 8
62630 8
63720 8
64560 8
65130 8
66630 8
67520 8
68600 8
69620 8
70190 8
71280 8
71620 8
71960 0
72340 0
72910 8
73900 8
74840 8
76220 8
76660 8
77780 8
78220 8
78760 0
79230 8
79720 8
80220 0
80600 8
81240 0
81720 8
82350 8
82760 8
83250 0
83770 8
84250 8
84720 0
85240 8
85780 8
86300 0
86870 8
87570 8
88580 8
88970 8
89580 0
89980 8
90400 8
91030 0
91410 8
92010 0
92380 8
92690 8
93270 0
93920 8
94380 8
95390 0
95980 8
97070 8
97740 8
98450 8
99440 8
100440 8
100790 8
101120 0
101780 0
102390 8
103170 8
103920 8
106160 8
106860 8
107810 8
108530 8
108870 8
109220 0
109560 0
110140 8
111820 8
112240 8
112810 0
113260 8
113940 8
114540 8
115940 8
116620 8
117970 8
118330 8
