6070 0
8090 0
8430 8
8770 8
9100 0
9440 0
9780 8
10100 8
10450 0
10790 0
11130 8
11470 8
11800 0
12140 0
12480 8
13100 0
14800 0
15170 8
15540 8
16190 0
16760 8
17860 0
18190 8
18520 8
18880 0
19540 0
20210 8
20560 8
20910 0
21230 0
21580 8
22160 8
22940 0
23910 8
24270 8
24850 0
25260 8
25970 0
26610 8
26980 8
27870 0
28300 8
28640 8
29230 0
29670 8
29990 8
30340 0
31020 0
31340 8
31940 8
33810 0
34520 8
35000 8
35750 0
36390 8
36680 8
37180 0
37760 8
38340 8
38750 0
39100 8
40140 0
40790 8
41370 8
41930 0
42680 8
43480 8
43790 8
44180 0
44530 0
45490 8
45830 8
46800 0
47170 8
48110 8
48880 8
49530 8
49800 8
50810 0
51150 8
51540 8
51920 0
52270 0
52680 8
53550 0
54130 8
54460 8
54910 0
55260 8
55850 0
56530 8
57250 8
57610 8
58400 0
59220 8
59810 8
60310 8
60650 0
61260 0
61950 8
62630 8
63790 8
64550 8
65130 8
65900 8
66340 8
67520 8
67880 8
68600 0
69620 8
70190 8
71280 8
71620 8
71960 0
72340 0
72910 8
73900 8
74790 8
76220 8
76660 8
77370 8
77790 8
78220 0
78780 8
79250 8
79720 0
80230 8
80580 8
81710 0
82350 8
82760 8
83240 0
83770 8
84250 8
84710 0
85240 8
85780 8
86300 0
86860 8
87720 8
88540 8
88970 8
89610 0
89960 8
90440 8
91030 0
91410 8
92010 0
92380 8
92680 8
93270 0
93920 8
94380 8
95000 0
95390 8
95980 0
96420 8
97060 8
97740 8
98080 8
98450 0
99440 0
100440 8
100780 8
101130 0
101780 0
102420 8
102810 8
103180 0
103940 0
105520 8
106160 8
106860 8
107810 8
108530 8
108860 8
109220 0
109560 0
109980 8
110550 0
111180 8
111870 8
112230 8
112820 0
113260 8
113940 8
114490 8
115940 8
116620 8
117290 8
117740 8
118330 0
119970 8
