2710 0
3470 8
6070 0
8100 0
8430 8
8770 8
9100 0
9440 0
9790 8
10100 8
10450 0
10790 0
11130 8
11470 8
11800 0
12140 8
12480 8
13110 0
13710 8
14370 0
14790 8
15160 8
15540 0
16190 0
16760 8
17850 0
18190 8
18510 8
18880 0
19540 0
20210 8
20560 8
20910 0
21220 0
21580 8
22160 8
22950 0
23230 8
23900 0
24270 8
24850 0
25260 8
25960 0
26590 8
26980 8
27210 0
27850 0
28300 8
28640 8
29250 0
29670 8
29990 8
30340 0
31030 0
31340 8
31940 8
32390 0
33820 0
34520 8
35000 8
35760 0
36050 8
36390 8
36700 0
37190 0
37770 8
38080 8
38340 0
38730 0
39100 8
40140 8
40790 8
41370 8
41930 0
42940 8
43470 8
43780 8
44180 0
44530 0
45490 8
45830 8
46500 0
46760 8
47170 8
48110 0
48870 8
49530 8
49800 8
50810 0
51150 8
51530 8
51920 0
52270 8
52680 0
53560 0
54130 8
54460 8
54900 0
55290 8
55860 0
56530 8
57250 8
57610 8
58400 0
59210 8
59820 8
60310 8
60650 0
61260 0
61950 8
62630 8
63790 8
64550 8
65130 8
65900 8
66340 8
67550 8
67880 8
68600 0
69620 8
70190 8
71260 8
71630 8
71960 0
72340 0
72910 8
73450 8
73900 0
74770 8
76220 8
76660 8
77040 8
77370 0
77800 0
78230 8
78780 8
79250 0
79720 8
80230 8
80560 0
81710 0
82300 8
82760 8
83240 0
83770 8
84240 8
84690 0
85240 8
85780 8
86300 0
86840 8
87720 8
88970 8
89950 8
90470 8
91030 8
91450 8
92010 0
92390 8
92680 8
93280 0
93920 8
94380 8
95000 0
95390 8
95980 8
96400 0
97070 8
97740 8
98080 8
98440 0
99440 0
100450 8
100770 8
101140 0
101790 0
102420 8
102800 8
103190 0
103950 0
105150 8
105520 8
105850 0
106160 0
106430 8
106860 8
107810 0
108530 8
108850 8
109220 0
109560 8
109980 0
110550 8
111180 8
111900 0
112240 8
112820 8
113260 0
113940 8
114480 8
115940 8
116620 8
117290 8
117740 8
118330 0
119980 8
