2710 0
3480 8
5390 0
6070 8
8100 0
8430 8
8770 8
9100 0
9440 0
9790 8
10100 8
10450 0
10800 0
11130 8
11470 8
11800 0
12140 8
12480 8
13100 0
13720 8
14320 0
14800 8
15160 8
15540 0
16190 0
16760 8
17850 0
18170 8
18500 8
18880 0
19530 0
20210 8
20560 8
20920 0
21220 0
21580 8
22160 8
22960 0
23170 8
23610 8
23900 8
24270 0
24850 0
25260 8
25940 8
26590 0
26980 8
27210 8
27850 0
28300 8
28640 8
29260 0
29670 8
29990 8
30330 0
30580 8
31020 0
31340 8
31940 8
32380 8
33400 0
33820 8
34520 8
35010 8
35760 0
36050 8
36390 8
36700 0
37230 0
37770 8
38080 8
38340 0
38720 0
39110 8
40140 8
40780 8
41370 8
41930 0
42940 8
43470 8
43800 8
44190 0
44540 0
45490 8
45830 8
46080 0
46500 0
46760 8
47170 8
47540 8
48110 0
48450 8
48870 8
49530 0
49800 8
50810 8
51150 8
51520 0
51920 0
52340 8
52680 8
53580 0
54130 8
54470 8
54900 0
55290 8
55860 0
56530 8
57230 8
57610 8
58400 0
59210 8
59820 8
60310 8
60640 0
61480 0
61880 8
62620 8
63790 8
64540 8
65130 8
65880 8
66330 8
67550 8
67880 8
68610 0
69610 8
70190 8
71240 8
71620 8
71960 0
72350 0
72910 8
73390 8
73900 0
74740 8
75580 8
76090 8
76640 0
77040 8
77370 8
77810 0
78240 8
78800 0
79270 8
79710 8
80550 0
81700 8
82330 8
82760 8
83230 0
83770 8
84250 8
84680 0
85260 8
85780 8
86300 0
86810 8
87720 8
88970 8
89660 8
89940 8
90460 0
91030 8
91450 8
92010 0
92380 8
92680 8
93280 0
93920 8
94380 8
95010 0
95390 8
95970 8
96400 0
96730 8
97070 0
97750 0
98080 8
98440 8
98670 8
99450 0
100450 8
100770 8
101150 0
101810 0
102420 8
102790 8
103190 0
103950 0
105150 8
105520 8
105850 0
106160 0
106490 8
106870 8
107810 0
108530 8
108850 8
109220 0
109560 8
109980 0
110550 8
110890 8
111180 0
111580 0
111900 8
112240 8
112820 0
113260 8
113930 8
114490 8
115940 8
116630 8
117290 8
117740 8
118340 0
119980 8
121370 8
