2470 0
3860 0
4290 8
4650 8
5660 0
6160 8
6710 0
7430 0
7830 8
8890 0
9550 8
9950 8
11300 0
12350 8
12770 8
13760 0
14550 8
15230 8
15590 8
16270 0
16990 8
17570 8
18020 0
18400 8
18770 0
19790 0
20190 8
20840 8
21220 8
21940 0
22640 8
22990 8
23340 0
23690 0
24400 0
25100 8
25460 8
25990 0
26510 8
27060 0
27620 8
28280 8
28750 0
29970 0
30750 8
31110 8
32490 0
32860 8
33730 8
34540 8
35150 8
35520 8
35890 0
36740 0
37350 8
38530 8
39510 8
40060 8
40800 8
41340 8
41710 8
42460 0
43610 8
44100 8
45120 0
45690 8
47290 8
48510 8
49280 8
49730 8
50820 0
51380 8
52150 8
52650 8
54010 8
54800 8
56220 8
56910 8
57600 8
58490 8
60380 8
61120 8
62490 8
63810 8
64880 8
66020 8
66770 8
67750 8
68440 8
68860 8
69230 0
70630 0
71640 8
72420 8
73420 8
74460 8
75200 8
75630 8
77310 8
78110 8
79080 8
79530 8
80150 8
80890 8
81530 8
82300 8
82990 8
83640 8
84370 8
84760 8
85130 0
85800 0
86520 8
87180 8
87570 8
88250 0
88650 8
89700 8
90040 8
90780 0
91790 8
92170 8
92520 0
92870 0
93220 8
93750 0
94270 8
94800 8
95340 0
97070 8
97740 8
98530 8
99170 8
99570 8
100040 0
101660 8
102990 8
105540 8
105940 8
106980 8
107340 8
107720 0
108400 0
108770 8
109090 8
109460 0
110160 0
110560 8
111200 8
111580 8
112280 0
112990 8
113580 8
114020 8
114400 0
115130 0
116310 8
116870 8
117250 8
117920 0
118630 8
119020 8
119650 0
120750 8
121110 8
121450 0
122500 0
124280 8
125210 8
126290 8
126740 8
128150 8
128630 8
130290 8
130960 8
132440 8
133110 8
133630 8
134330 8
135410 8
136400 8
138300 8
138870 8
139610 8
140090 8
141210 8
141810 8
142520 8
144010 8
145280 8
146750 8
147580 8
148680 8
149640 8
150260 8
150940 8
152840 8
154040 8
154980 8
155930 8
156550 8
157000 8
157980 8
158580 8
160260 8
162780 8
163330 8
164500 8
164870 8
165450 0
166250 8
167030 8
168350 8
169060 8
170520 8
170910 8
