2470 0
2880 8
3330 8
3850 0
4300 0
4660 8
5650 0
6160 8
6700 0
7420 0
7830 8
8400 0
8890 8
9540 0
9950 8
11290 0
11810 8
12340 8
12770 0
13760 0
14560 8
15230 8
15600 8
16270 0
16990 8
17570 8
18010 0
18400 8
18770 0
19130 8
19790 0
20160 8
20840 0
21220 8
21570 8
21940 0
22640 0
22990 8
23330 8
23690 0
24410 0
25100 8
25460 8
26010 0
26510 8
27050 0
27620 8
28270 8
28750 0
29220 8
29970 0
30750 8
31110 8
31880 0
32480 8
32860 8
33730 0
34540 8
35150 8
35520 8
35890 0
36730 0
37350 8
37870 8
38540 0
39510 8
40060 8
40830 8
41340 8
41710 0
42510 0
43600 8
44110 8
45120 0
45810 8
46290 8
46840 0
47300 8
48470 8
49280 8
49730 8
50830 0
51380 8
52160 8
52660 8
54010 8
54790 8
55430 8
56270 8
57160 8
57610 8
58490 0
60370 8
61170 8
62480 8
63810 8
64390 8
64880 8
66020 8
66780 8
67750 8
68440 8
68860 8
69230 0
70070 0
70630 8
71110 8
71630 0
72070 8
72430 8
73410 0
73960 8
74450 8
75190 0
75630 8
76200 8
77300 8
77720 8
78110 0
79070 0
79560 8
80140 8
80520 8
80900 0
81520 0
82300 8
82990 8
83640 8
84360 8
84760 8
85410 0
85800 8
86530 8
87180 8
87570 8
88230 0
88650 8
89340 8
89700 8
90030 0
90780 0
91790 8
92170 8
92520 0
92870 0
93220 8
93750 0
94270 8
94800 8
95340 0
96420 8
97060 8
97740 8
98530 8
99170 8
99560 8
100040 0
101660 8
102990 8
103510 8
105540 8
105940 8
106980 8
107330 8
107730 0
108390 0
108780 8
109090 8
109460 0
109820 0
110160 8
110570 8
111200 0
111580 8
112280 0
112600 8
112990 8
113500 0
114010 8
114400 8
115120 0
116320 8
116860 8
117250 8
117920 0
118620 8
119020 8
119640 0
120060 8
120750 8
121110 8
121450 0
122490 0
122880 8
123550 8
124280 8
125200 8
125740 8
126280 8
126740 0
127440 8
128150 8
128630 8
129460 0
130290 8
131230 8
132450 8
133110 8
133630 8
134330 8
134720 8
135410 0
136400 8
138300 8
138870 8
139610 8
140100 8
141210 8
141810 8
142520 8
143020 8
144010 8
145300 8
146750 8
147580 8
148680 8
149650 8
150270 8
150950 8
151350 8
152840 8
154040 8
154980 8
155970 8
156530 8
157000 8
157980 8
158590 8
159460 8
160270 8
161920 8
162790 8
163590 8
164500 8
164870 8
165460 0
166250 8
167030 8
167350 8
168290 0
169070 8
170510 8
170910 8
