1450 0
2460 0
2880 8
3340 0
3830 0
4300 8
4670 0
5650 0
6160 8
6690 0
7410 0
7830 8
8400 0
8890 8
9530 0
9960 8
10300 8
11290 0
11810 8
12330 8
12770 0
13760 0
14570 8
15230 8
15610 8
16270 0
16600 8
16990 0
17570 0
18000 8
18400 8
18760 0
19140 0
19790 8
20140 8
20840 0
21220 8
21570 8
21940 0
22630 0
22990 8
23330 8
23690 0
24420 0
25100 8
25460 8
26020 0
26510 8
27040 8
27620 0
28270 8
28750 8
29220 0
29970 0
30750 8
31110 8
31950 0
32470 8
32880 8
33730 0
34540 8
35150 8
35520 8
35910 0
36730 0
37350 8
37840 8
38540 0
39510 8
40060 8
40830 8
41340 8
41710 0
42640 0
43570 8
44110 8
45120 8
45810 8
46290 8
46870 0
47320 8
48460 8
49280 8
49730 8
50840 0
51380 8
52170 8
52660 8
54010 8
54790 8
55420 8
56400 8
57160 8
57620 8
58460 0
60370 8
61350 8
62050 8
62480 8
63810 8
64390 8
64880 8
66010 8
66790 8
67750 8
68440 8
68860 8
69230 0
70070 0
70630 8
71110 8
71620 0
72080 8
72440 8
73400 0
73970 8
74410 8
75180 0
75620 8
76200 8
77290 8
77730 8
78140 0
79070 0
79570 8
80140 8
80520 8
80900 0
81520 0
82310 8
82990 8
83640 8
84350 8
84760 8
85410 0
85800 8
86530 8
87180 8
87570 8
88220 0
88650 8
89330 8
89700 8
90030 0
90780 0
91790 8
92170 8
92510 0
92870 0
93220 8
93760 0
94260 8
94800 8
95340 0
96420 8
97050 8
97740 8
98200 8
98530 0
99170 0
99550 8
100040 8
101270 0
101660 8
102160 8
102980 0
103570 8
105530 8
105940 8
106280 8
106980 0
107330 8
107730 8
108390 0
108780 8
109080 8
109460 0
109820 0
110160 8
110570 8
111180 0
111580 8
112280 0
112600 8
112990 8
113480 0
114000 8
114400 8
115120 0
116320 8
116860 8
117250 8
117910 0
118620 8
119030 8
119600 0
120050 8
120750 8
121110 8
121440 0
122490 0
122880 8
123550 8
124280 8
124740 8
125190 0
125750 8
126280 8
126740 0
127440 8
128140 8
128630 8
129490 0
130280 8
131230 8
132450 8
133110 8
133640 8
134330 8
134730 8
135400 0
136400 8
138160 8
138860 8
139610 8
140100 8
140850 8
141210 8
141870 0
142520 8
143030 8
144000 8
145310 8
146760 8
147580 8
148670 8
149290 8
149650 8
150270 0
150970 8
151350 8
151920 0
152840 8
154040 8
154460 8
154970 0
155990 8
156520 8
156990 8
157990 0
158600 8
159460 8
160350 8
161920 8
162790 8
163530 8
164500 8
164870 8
165480 0
166250 8
167030 8
167400 8
168290 0
169080 8
169800 8
170500 8
170910 8
