1450 0
2460 0
2880 8
3340 0
3820 0
4300 8
4670 0
5640 0
6160 8
6680 0
7410 0
7840 8
8400 0
8900 8
9530 0
9960 8
10300 8
11280 0
11810 8
12300 8
12770 0
13760 0
14570 8
15230 8
15610 8
16270 0
16600 8
16990 0
17570 0
18000 8
18400 8
18760 0
19140 0
19460 8
19790 8
20140 0
20830 0
21220 8
21570 8
21940 0
22630 0
22990 8
23330 8
23690 0
24430 0
25100 8
25460 8
26030 0
26510 8
27040 8
27620 0
28270 8
28760 8
29220 0
29940 0
30390 8
30750 8
31120 0
31970 0
32460 8
32880 8
33740 0
34510 8
35150 8
35520 8
35910 0
36730 0
37350 8
37800 8
38540 0
39520 8
40060 8
40830 8
41340 8
41710 0
42640 0
43170 8
43570 8
44110 0
45120 8
45810 8
46290 8
46870 0
47370 8
48460 8
49260 8
49730 8
50840 0
51380 8
52170 8
52670 8
54010 8
54790 8
55410 8
56400 8
57160 8
57620 8
58450 8
59980 8
60370 8
61220 8
62050 8
62480 8
63810 8
64390 8
64880 8
66020 8
66800 8
67760 8
68440 8
68850 8
69230 0
70060 0
70630 8
71120 8
71600 0
72080 8
72450 8
73390 0
73970 8
74410 8
75180 0
75620 8
76200 8
77280 8
77730 8
78160 0
79060 8
79570 8
80130 0
80520 8
80900 8
81520 0
82310 8
82990 8
83640 8
84350 8
84760 8
85400 0
85800 8
86190 8
86530 0
87180 0
87570 8
88210 8
88650 0
88950 8
89330 0
89710 8
90030 8
90350 0
90790 0
91070 8
91790 8
92170 8
92510 0
92870 0
93220 8
93770 8
94260 0
94800 8
95340 8
96420 0
97050 8
97740 8
98210 8
98530 0
99180 0
99550 8
100040 8
101270 0
101650 8
102160 8
102770 0
103570 8
105530 8
105940 8
106280 8
106980 0
107330 8
107730 8
108390 0
108790 8
109080 8
109460 0
109820 0
110160 8
110570 8
111180 0
111580 8
112280 8
112600 8
112990 0
113480 0
114000 8
114400 8
115120 0
115750 8
116330 8
116860 0
117250 8
117540 8
117910 0
118610 0
119030 8
119600 8
120050 0
120750 0
121110 8
121440 8
122480 0
122890 8
123550 8
123900 8
124280 0
124740 0
125170 8
125750 8
126280 0
126740 8
127450 8
128130 8
128630 8
129500 0
130270 8
131230 8
132450 8
133120 8
133650 8
134330 8
134730 8
135400 0
136400 8
138160 8
138820 8
139610 8
140110 8
140840 8
141210 8
141870 0
142520 8
143030 8
144000 8
144960 8
145310 8
146760 8
147580 8
147920 8
148670 0
149280 8
149650 8
150270 0
150970 8
151320 8
151920 0
152840 8
154040 8
154460 8
154970 0
156000 8
156530 8
156980 8
157990 0
158600 8
159460 8
160000 8
160350 8
161920 0
162790 8
163530 8
164490 8
164870 8
165490 0
166250 8
167030 8
167450 8
168290 0
169080 8
169800 8
170490 8
170910 8
