2090 0
3670 0
5250 0
6830 0
7610 8
8400 0
9610 0
10770 8
11560 8
13920 0
14620 8
15440 8
16680 8
17830 8
19100 8
19840 8
20230 8
21020 0
21440 8
23400 0
24530 8
25330 8
26530 8
27350 8
28940 8
30520 8
31710 8
32860 8
33570 8
34380 8
35630 8
36600 8
37530 8
38390 8
40770 8
41550 8
42340 8
43100 8
44290 8
46340 8
47900 8
49780 8
50510 8
51050 8
52700 8
53750 8
54190 8
55020 8
56970 8
58420 8
60940 8
62110 8
62720 8
63570 8
65230 8
65640 8
66680 8
67680 8
68370 8
68960 8
69550 8
71140 8
71550 8
72320 8
72960 8
73880 8
75110 8
75510 8
77090 0
78680 8
79460 8
80240 8
81030 8
82600 8
83400 8
85470 8
86550 8
87190 8
88070 8
89720 8
90610 8
91580 8
92070 8
92790 8
93660 8
94070 8
95240 0
96060 8
96660 8
97910 8
98410 8
99430 8
99970 8
101060 8
101580 8
102700 8
103500 8
104310 8
105500 8
106390 8
107880 8
108620 8
109450 8
110640 8
111050 8
111810 8
112210 8
113830 0
114780 8
115340 8
116090 8
116790 8
117350 8
118130 8
118690 8
120470 8
121130 8
122000 8
122470 8
123270 8
123660 8
124050 0
125290 0
126020 8
127210 8
130360 8
131910 8
132750 8
133530 8
135900 8
136690 8
137260 8
138980 8
140240 8
142620 8
144970 8
145770 8
146550 8
147340 8
148140 8
148550 8
149710 0
151660 8
152840 8
153260 8
154850 8
156050 8
156860 8
158430 8
159300 8
159990 8
161560 8
163120 8
163550 8
164480 8
165360 8
167890 8
168290 8
169370 8
170330 8
171010 8
172860 8
173780 8
174220 8
175690 8
176790 8
177360 8
178890 8
180070 8
180510 8
182430 8
182880 8
183660 8
185620 8
186030 8
186820 8
188400 8
189200 8
190360 8
191440 8
192380 8
195660 8
