1300 0
2090 8
3290 0
3670 8
4450 0
4860 8
5250 0
5610 8
6050 0
6830 0
7600 8
8400 0
9610 8
10020 8
10760 0
11560 8
11930 8
12360 0
13180 0
13920 8
14620 8
15100 8
15440 0
16290 0
16680 8
17510 0
17820 8
18250 0
19100 0
19820 8
20230 8
21020 0
21440 8
21820 8
22230 0
22590 0
23400 0
24290 8
25330 8
25770 8
26530 0
26960 8
27350 8
27740 0
28140 0
28940 8
29720 8
30110 8
30520 0
30880 0
31300 8
31710 8
32110 0
32860 0
33570 8
34390 8
35150 8
35630 8
36060 0
36600 0
37540 8
37910 8
38380 0
39160 0
39590 8
39980 8
40390 0
40770 0
41170 8
41550 8
42340 0
43050 8
43890 8
44290 8
44710 0
45190 0
46250 8
47440 8
47900 8
48650 0
49290 8
49770 8
50530 0
51060 8
51810 8
52660 8
53750 8
54190 8
55070 0
55780 8
56180 8
56570 0
56980 0
57390 8
57920 0
58430 8
59330 0
60140 8
60950 8
62130 8
62720 8
63230 8
63980 0
64860 8
65230 8
65650 0
65990 8
66580 0
67170 8
67700 8
68370 0
68950 8
69820 8
70300 8
71130 0
71550 8
71970 8
72320 0
72980 0
73450 8
73870 8
74330 0
74730 8
75110 0
75510 8
75970 0
77090 0
77500 8
77850 8
78250 0
78680 8
79460 0
80240 8
81030 8
81410 8
81830 0
82250 0
82600 8
83400 0
83810 8
84200 8
84590 0
84980 0
85470 8
86550 8
87100 8
88070 0
88470 8
89310 8
89720 8
90670 0
91590 8
92070 8
92780 0
93660 8
94070 8
95240 0
96060 8
96660 8
97210 8
97910 8
98400 8
98840 0
99440 8
99970 8
100330 0
101060 0
101590 8
102700 8
103490 8
104310 8
104720 8
105500 0
106390 8
107450 8
107890 8
108700 8
109450 8
110250 8
110640 8
111050 0
111430 8
111810 0
112210 8
113830 0
114420 8
114800 8
115340 0
116100 8
116790 8
117360 8
117770 8
118130 0
118690 0
119810 8
120660 8
121130 8
122010 0
122470 8
123270 8
123650 8
124050 0
125290 0
126010 8
126440 8
126830 0
127210 8
127630 0
128760 0
129180 8
129590 8
130360 0
130800 8
131900 8
132330 8
132750 0
133140 8
133530 0
134780 0
135890 8
136310 8
136690 0
137250 0
138980 8
139450 8
139890 8
140240 0
140980 0
141820 8
142220 8
142630 0
144100 0
144960 8
145380 8
145770 0
146550 0
147330 8
147750 8
148140 0
148550 0
149330 8
149710 8
150110 0
150530 0
151140 8
151660 8
152240 0
152830 8
153260 8
153900 0
154850 8
155240 8
156070 0
156860 8
157840 8
158430 8
159230 8
159990 8
160300 8
161120 0
161560 8
161920 8
162340 0
162750 8
163120 0
163550 8
164470 0
165360 8
166070 8
167480 8
167900 8
168290 8
168670 0
169360 0
169820 8
170330 8
171090 0
172900 8
173780 8
174230 8
174550 8
174970 0
175680 0
176820 8
177360 8
178490 8
178890 8
179610 0
180070 8
180510 8
181310 0
181790 8
182430 8
182880 8
183300 0
183660 8
184050 0
184500 8
185620 8
186030 8
186440 0
186820 8
187210 0
188400 0
189200 8
189610 8
189970 0
190360 0
190840 8
191440 8
192380 0
193930 8
194620 8
195650 8
