1300 0
1710 8
2090 8
2480 0
3290 0
3670 8
4030 8
4450 0
4860 0
5240 8
5600 0
6050 0
6830 0
7600 8
8390 0
8780 8
9610 0
10020 8
10770 0
11550 8
11930 8
12350 0
13180 0
13920 8
14640 8
15100 8
15440 0
15800 0
16280 8
16690 8
17810 0
18250 8
19110 8
19840 8
20230 8
21020 0
21440 8
21820 8
22220 0
22590 0
23400 8
24350 8
25330 8
25760 8
26520 0
26960 8
27340 8
27730 0
28140 0
28950 8
29290 8
29730 0
30100 8
30510 0
30890 8
31300 0
31700 8
32130 8
32860 0
33570 8
34380 8
35140 8
35630 8
36080 0
36610 8
37530 8
37910 8
38380 0
39150 0
39590 8
39970 8
40390 0
40770 0
41170 8
41550 8
42320 0
43050 8
43880 8
44290 8
44750 0
45370 0
46250 8
47420 8
47900 8
48640 0
49290 8
49770 8
50510 0
51060 8
51790 8
52660 8
53730 8
54180 8
55070 8
55780 8
56170 8
56580 0
56980 8
57440 0
57930 8
58430 0
59330 8
60130 8
60930 8
62110 8
62630 8
63560 8
64000 8
64870 0
65230 8
65660 8
66580 0
67170 8
67690 8
68370 0
68950 8
70270 8
71140 8
71560 8
72310 0
72930 8
73470 8
73870 8
74330 0
74720 8
75110 0
75510 8
76250 0
77090 8
77500 8
77850 0
78250 0
78680 8
79460 0
80250 8
81030 8
81410 8
81830 0
82250 0
82590 8
83400 0
83810 8
84200 8
84580 0
84980 0
85530 8
86550 8
87100 8
87580 0
88070 8
88500 8
89310 0
89720 8
90670 8
91580 8
92060 8
92790 0
93650 8
94070 8
94440 0
95240 0
96070 8
96660 8
97210 8
97910 0
98400 8
98850 8
99440 0
99960 8
100320 8
101050 0
101580 8
102330 8
102700 8
103490 0
104300 8
104720 8
105500 0
106390 8
107430 8
107850 8
108610 0
109440 8
109860 8
110250 0
110640 8
111050 0
111420 8
111800 0
112210 8
113890 0
114760 8
115340 8
116080 8
116790 8
117360 8
117790 8
118110 0
118690 0
119300 8
119820 8
120660 0
121130 8
122000 8
122450 8
123270 0
123660 8
124030 8
124720 0
125560 8
126000 8
126450 0
126820 8
127210 0
127620 8
128760 0
129180 8
129590 8
130360 0
130800 8
131900 8
132330 8
132750 0
133140 8
133530 0
133970 8
134780 0
135890 8
136310 8
136680 0
137250 0
137800 8
138580 8
138980 8
139450 0
140220 8
140970 8
141820 8
142210 8
142640 0
144100 8
144960 8
145380 8
145760 0
146530 0
147330 8
147750 8
148140 0
148550 0
149330 8
149700 8
150110 0
150530 0
151160 8
151660 8
152250 0
152850 8
153260 8
153900 0
154310 8
154850 8
155230 0
156060 0
156510 8
157820 8
158430 8
159230 8
160030 8
160320 8
161100 0
161560 8
161920 8
162350 0
162770 8
163110 8
163550 0
163890 8
164480 0
165360 8
166230 8
167480 8
167900 8
168310 0
168660 8
169410 0
169830 8
170320 8
171020 0
171680 8
172860 8
173390 8
173780 8
174240 0
174980 8
175720 8
176790 8
177390 8
178440 8
178890 8
179570 8
180070 8
180500 0
181310 8
181790 8
182430 0
182880 8
183300 8
183660 0
184050 0
184510 8
185620 8
186040 8
186440 0
186820 8
187210 0
188380 0
189200 8
189600 8
189960 0
190360 0
190860 8
191430 8
192390 0
193930 8
194620 8
195260 8
195650 8
