1310 0
1720 8
2090 8
2480 0
3300 0
3670 8
4020 8
4460 0
4860 0
5240 8
5580 8
6050 0
6830 0
7610 8
8390 0
8770 8
9610 0
10020 8
10770 0
11540 8
11910 8
12350 0
13180 0
13930 8
14640 8
15100 8
15440 0
15820 0
16280 8
16690 8
17050 0
17810 0
18260 8
19310 0
19840 8
20220 8
21010 0
21440 8
21820 8
22220 0
22580 0
23400 8
23950 8
24350 0
25330 0
25760 8
26510 8
26960 8
27340 0
27720 0
28150 8
28960 0
29270 8
29740 0
30100 8
30510 0
30880 8
31300 8
31710 0
32130 0
32870 8
33570 8
34380 0
34790 8
35630 8
36110 8
36610 0
37530 8
37910 8
38370 0
39140 0
39590 8
39970 8
40400 0
40760 8
41170 0
41540 8
42300 0
43100 8
43850 8
44290 8
44750 0
45410 0
46250 8
47420 8
47900 8
48640 0
49030 8
49760 8
50510 8
51070 8
51790 8
52660 8
53730 8
54180 8
54620 0
55120 8
55780 8
56170 8
56600 0
56980 8
57500 0
57940 8
58440 0
58910 8
59330 8
60090 0
60920 8
62110 8
62620 8
63570 8
63970 8
64870 0
65240 8
65690 8
66580 0
67170 8
67700 8
68370 0
68950 8
69490 8
70260 0
71150 8
71570 8
72310 0
72930 8
73470 8
73870 8
74330 0
74720 8
75110 0
75510 8
76250 0
77090 8
77530 8
77830 0
78240 0
78680 8
79460 8
80250 8
81020 8
81410 8
81840 0
82250 8
82580 8
83410 0
83810 8
84190 8
84570 0
84980 0
85480 8
86560 8
87100 8
87590 0
88070 8
88510 8
89310 0
89720 8
90740 8
91580 8
92060 8
92790 0
93650 8
94070 8
94440 0
95240 0
95630 8
96090 8
96660 0
97210 8
97910 8
98390 8
98850 0
99440 8
99960 8
100320 0
101040 0
101580 8
102320 8
102700 8
103220 0
103490 8
104300 0
104750 8
105500 8
106390 8
107430 8
107850 8
108610 0
109440 8
109860 8
110250 0
110640 8
111050 0
111420 8
111800 0
112210 8
112620 0
113900 0
114750 8
115340 8
116060 8
116790 8
117360 8
118090 8
118690 8
119330 8
119870 8
120740 8
121130 8
121950 0
122440 8
123270 8
123660 8
124030 0
124710 0
125570 8
126000 8
126460 0
126810 8
127200 0
127620 8
128740 0
129190 8
129590 8
130350 0
130790 8
131650 8
132330 8
132760 8
133130 0
133520 0
133960 8
134790 8
135890 8
136300 8
136680 0
137240 0
137780 8
138580 8
138980 8
139450 0
140200 8
140900 8
141790 8
142210 8
142640 0
143070 8
144100 8
144950 8
145380 8
145750 0
146510 0
147320 8
147750 8
148140 0
148550 0
149330 8
149700 8
150120 0
150530 8
151150 0
151660 8
152280 8
152850 0
153260 8
153900 8
154330 8
154840 0
155240 8
155680 8
156060 0
156490 0
157060 8
157820 8
158490 8
159040 8
160030 8
160320 8
161090 0
161560 8
161920 8
162350 0
163110 0
163550 8
163900 8
164480 0
165350 8
166270 8
166640 8
167480 0
167900 8
168330 8
168630 0
169410 0
169830 8
170310 8
171090 0
171680 8
172860 8
173380 8
173800 8
174250 0
174990 8
175720 8
176790 8
177390 8
178430 8
178890 8
179610 8
180070 8
180500 0
181310 8
181790 8
182430 0
182880 8
183300 8
183650 0
184050 0
184520 8
185620 8
186050 8
186440 0
186820 0
187200 8
188360 8
188740 8
189210 0
189610 8
189960 8
190360 0
190870 0
191420 8
192390 8
193930 8
194610 8
195260 8
195650 8
