1020 0
1550 8
3090 0
3630 8
4140 0
5190 0
6220 8
6600 8
7230 0
7620 8
8570 0
9800 8
10350 8
10740 8
11790 0
12390 8
13200 8
13850 8
14460 8
15220 8
15920 8
16530 8
16940 8
17560 0
18000 8
19020 0
19640 8
20680 8
21080 8
21480 0
22140 0
23140 8
23560 8
24200 0
24800 8
25220 8
25840 0
26230 8
26660 0
27280 0
27920 8
28950 8
30010 8
30510 8
31030 0
31550 8
32070 8
32590 0
33110 8
33620 8
34070 0
34640 0
35170 8
35690 8
36220 0
36730 8
37240 8
37700 0
38280 0
39310 8
39820 8
40340 0
40850 8
41370 8
41880 0
42410 8
42930 8
43830 0
44470 8
44870 8
45280 0
46930 0
47420 8
47960 8
48380 0
49410 0
50040 8
50460 8
51120 0
51710 8
52160 8
53160 0
54560 8
55210 8
56240 8
56670 8
57300 0
57910 8
58320 8
58730 0
59370 0
59890 8
60400 8
61010 0
61430 8
62130 0
63500 8
64380 8
65960 8
66630 8
67230 8
68260 8
69300 8
70220 8
71730 8
72190 8
73440 8
73850 8
75010 8
75500 8
76000 8
76510 0
77070 8
77970 8
78590 8
79390 8
81490 8
82130 8
83260 8
84290 8
84830 8
85850 8
86270 8
86660 0
87290 0
87920 8
88380 8
89370 0
89990 8
90450 8
91440 0
92070 8
92470 8
93480 0
94110 8
94540 8
94920 0
95600 0
96630 8
97000 8
97620 0
98040 8
98680 8
99060 8
99710 0
100750 8
102170 8
102790 8
103950 8
105000 8
105520 8
106030 8
106550 0
107070 8
107600 8
108110 0
108640 8
109140 8
109670 0
110180 8
110710 8
111210 0
111690 8
112270 8
113270 0
113780 8
114300 8
114820 0
115340 8
115880 8
116370 0
116910 8
117660 8
118340 8
118720 8
119350 0
120290 8
