1020 0
1550 8
2040 8
3100 0
3640 8
4140 0
4680 0
5190 8
6220 0
6610 8
7230 0
7620 8
8570 0
9300 8
9800 8
10350 0
10740 8
11150 0
11790 0
12390 8
12800 8
13200 0
13850 0
14460 8
15220 8
15930 8
16520 8
16940 0
17560 0
18000 8
18390 8
19020 0
19420 8
20060 0
20680 8
21080 8
21480 0
22150 0
22740 8
23140 8
23560 0
24200 0
24800 8
25230 8
25840 0
26230 8
26660 0
27290 0
27950 8
28940 8
29620 8
30010 8
30520 0
31030 8
31560 8
32070 0
32590 8
33120 8
33630 0
34080 8
34640 0
35170 8
35690 8
36220 0
36730 8
37250 8
37700 0
38280 0
38780 8
39310 8
39820 0
40350 8
40860 8
41370 0
41880 8
42410 8
42960 0
43850 8
44470 8
44870 8
45280 0
46000 0
46480 8
46930 8
47420 0
47960 8
48380 8
49030 0
49420 8
50050 0
50460 8
51120 0
51710 8
52170 8
53170 0
53560 8
54560 8
55220 8
55800 8
56240 8
56670 0
57300 0
57910 8
58320 8
58730 0
59380 0
59930 8
60410 8
61010 0
61440 8
62160 0
63100 8
63500 8
64150 0
65560 8
65940 8
66640 0
67230 8
67670 8
68240 0
68740 8
69300 8
70250 0
70760 8
71350 8
71730 8
72190 0
73440 0
73850 8
74460 8
75020 0
75500 8
76020 8
76500 0
77070 8
77990 8
78580 8
79420 8
80190 8
81490 8
82140 8
83250 8
84290 8
84820 8
85240 8
85850 0
86270 8
86670 8
87290 0
87920 8
88380 8
89380 0
89990 8
90460 8
91020 0
91450 8
92050 8
92470 0
93070 0
93490 8
94110 8
94550 0
94920 8
95600 0
95930 8
96640 0
97010 8
97620 0
98050 8
98680 8
99060 8
99720 0
100760 8
101390 8
101790 8
102390 0
102790 8
103210 8
103950 0
104470 8
105000 8
105520 0
106030 8
106560 8
107080 0
107600 8
108110 8
108640 0
109140 8
109670 8
110180 0
110710 8
111220 8
111690 0
112490 8
113280 8
113780 8
114300 0
114830 8
115340 8
115880 0
116380 8
116910 8
117700 0
118350 8
118940 8
119350 8
120300 0
