1030 0
1560 8
2040 8
3100 0
3640 8
4170 0
4680 8
5200 0
6220 0
6610 8
7230 0
7620 8
8590 0
9290 8
9800 8
10350 0
10740 8
11140 0
11810 0
12390 8
12800 8
13200 0
13850 0
14460 8
14920 8
15210 0
15940 0
16490 8
16940 8
17560 0
18010 8
18390 8
19020 0
19640 8
20060 8
20680 0
21080 8
21480 0
22150 0
22740 8
23140 8
23560 0
24210 0
24800 8
25230 8
25840 0
26230 8
26660 0
27290 0
27920 8
28940 8
29610 8
30010 8
30520 0
31030 8
31560 8
32070 0
32600 8
33120 8
33630 0
34090 8
34650 0
35170 8
35700 8
36220 0
36730 8
37250 8
37700 0
38280 0
38780 8
39310 8
39830 0
40350 8
40860 8
41370 0
41890 8
42410 8
42960 0
43440 8
43850 8
44470 0
44870 8
45280 8
46010 0
46480 8
46930 8
47370 0
47970 0
48400 8
49030 8
49420 0
50050 0
50460 8
51140 8
51700 0
52170 8
52750 8
53170 0
53560 8
54560 0
55230 8
55820 8
56240 8
56670 0
57310 0
57690 8
58330 8
58730 0
59380 0
59940 8
60410 8
61020 0
61440 8
62190 0
63100 8
63500 8
64380 0
65550 8
65930 8
66640 0
67220 8
67660 8
68210 0
68740 8
69300 8
70220 0
70770 8
71340 8
71730 8
72460 0
73440 8
73850 8
74240 0
75020 0
75500 8
76020 8
76500 0
77090 8
77990 8
78600 8
79390 8
81490 8
82140 8
82510 8
83260 0
84280 8
84820 8
85250 8
85850 0
86280 8
86670 8
87280 0
87920 8
88390 8
88740 0
89380 0
89990 8
90470 8
90990 0
91460 8
92040 8
92470 0
93070 0
93490 8
94110 8
94560 0
94920 8
95620 0
95930 8
96650 0
97010 8
97610 0
98040 8
98680 8
99060 8
99710 0
100780 8
101400 8
101790 8
102400 0
102790 8
103430 8
103950 0
104470 8
105000 8
105520 0
106030 8
106560 8
107080 0
107600 8
108110 8
108650 0
109140 8
109670 8
110180 0
110720 8
111220 8
111700 0
112490 8
113280 8
113770 8
114300 0
114830 8
115340 8
115880 0
116380 8
116920 8
117710 0
118350 8
118940 8
119350 8
119750 0
120300 0
