1030 0
1560 8
2040 8
3110 0
3650 8
4180 0
4680 8
5200 0
5680 8
6220 0
6610 8
7230 0
7630 8
8240 0
8600 8
9290 0
9800 8
10340 0
10740 8
11140 0
11820 0
12380 8
12800 8
13200 0
13860 0
14460 8
14920 8
15200 0
15940 0
16450 8
16940 8
17560 0
18020 8
18380 8
19020 0
19640 8
20070 8
20670 0
21080 8
21710 0
22160 8
22740 0
23140 8
23550 0
24210 0
24850 8
25230 8
25840 0
26240 8
26660 0
27290 0
27920 8
28950 8
29610 8
30020 8
30520 0
31030 8
31560 8
32070 0
32600 8
33120 8
33640 0
34100 8
34650 0
35170 8
35700 8
36230 0
36730 8
37250 8
37710 0
38280 0
38790 8
39310 8
39830 0
40360 8
40860 8
41380 0
41890 8
42410 8
42960 0
43440 8
43860 8
44470 0
44870 8
45490 0
46020 8
46480 8
46930 0
47360 8
47970 0
48600 8
49040 8
49430 0
50050 0
50680 8
51150 8
51700 0
52170 8
52750 8
53190 0
53560 8
54280 0
54600 8
55260 0
55820 8
56250 8
56670 0
57310 0
57690 8
58330 8
58730 0
59390 0
59950 8
60420 8
61020 0
61440 8
61790 8
62210 0
63100 0
63500 8
63900 8
64430 0
65150 8
65550 8
65930 0
66630 0
67220 8
67660 8
68180 0
68740 8
69300 8
70220 0
70770 8
71330 8
71730 8
72470 0
73440 8
73860 8
74240 0
75020 0
75500 8
76020 8
76490 0
77090 8
78000 8
78630 8
79080 8
79390 0
80450 0
81160 8
81450 8
82140 0
82510 8
83260 8
84290 8
84820 8
85260 8
85850 0
86280 8
86670 8
87280 0
87920 8
88390 8
88740 0
89380 0
89990 8
90480 8
90970 0
91460 8
92040 8
92480 0
93070 8
93490 8
94110 0
94560 8
94870 8
95630 0
95930 8
96660 0
97010 8
97620 0
98040 8
98680 8
99060 8
99700 0
100790 8
101400 8
101790 8
102400 0
102790 8
103430 8
103950 0
104470 8
105000 8
105520 0
106040 8
106560 8
107080 0
107610 8
108120 8
108650 0
109150 8
109670 8
110190 0
110720 8
111220 8
111700 0
112490 8
113280 8
113770 8
114300 0
114830 8
115350 8
115880 0
116380 8
116920 8
117720 0
118350 8
118940 8
119350 8
119750 0
120310 0
